///SU1 Measuring Programm Ver.2.00 beta
/// Comments: R measurements

T,K	L, mH	R,Ohm
80.10	0.00169	0.00019621
80.30	0.00169	0.00027795
80.50	0.00169	0.00029557
80.70	0.00169	0.00019036
80.80	0.00169	0.00025730
81.20	0.00169	0.00024792
81.10	0.00169	0.00023712
82.10	0.00169	0.00019926
82.50	0.00169	0.00023368
82.70	0.00169	0.00026527
83.00	0.00169	0.00028779
83.30	0.00169	0.00019954
83.60	0.00169	0.00018077
83.80	0.00168	0.00016730
84.10	0.00169	0.00016023
84.30	0.00169	0.00021997
84.50	0.00169	0.00033829
84.70	0.00169	0.00025710
85.00	0.00169	0.00023402
85.20	0.00169	0.00020500
85.30	0.00169	0.00020183
85.50	0.00169	0.00018881
85.70	0.00169	0.00022976
85.90	0.00169	0.00020873
86.20	0.00169	0.00022907
86.50	0.00169	0.00029606
86.80	0.00169	0.00030864
87.10	0.00169	0.00023003
87.30	0.00170	0.00029806
87.50	0.00169	0.00030358
87.70	0.00169	0.00023843
87.90	0.00169	0.00023321
88.20	0.00169	0.00022934
88.50	0.00169	0.00017268
88.90	0.00169	0.00026531
89.20	0.00169	0.00025677
89.50	0.00169	0.00024907
89.80	0.00169	0.00016447
90.00	0.00169	0.00032038
90.30	0.00169	0.00018646
90.50	0.00169	0.00023505
90.80	0.00169	0.00028285
91.10	0.00169	0.00025830
91.40	0.00169	0.00025478
91.60	0.00170	0.00021925
91.80	0.00169	0.00023163
92.10	0.00169	0.00023027
92.30	0.00169	0.00029754
92.50	0.00169	0.00030587
92.70	0.00169	0.00013388
93.00	0.00169	0.00032410
93.20	0.00168	0.00022798
93.50	0.00169	0.00026234
93.70	0.00169	0.000091655
94.00	0.00169	0.00029281
94.20	0.00169	0.00019869
94.50	0.00169	0.00026961
94.80	0.00169	0.00021752
95.00	0.00169	0.00018416
95.30	0.00169	0.00021993
95.50	0.00169	0.00022078
95.80	0.00169	0.00033515
96.10	0.00169	0.00023949
96.30	0.00169	0.00018204
96.60	0.00169	0.00025613
96.80	0.00169	0.00021530
97.10	0.00169	0.00017973
97.30	0.00170	0.00023698
97.60	0.00169	0.00019924
97.90	0.00169	0.00023142
98.10	0.00169	0.00022051
98.40	0.00169	0.00023745
98.60	0.00169	0.00029751
98.90	0.00169	0.00028374
99.20	0.00169	0.00035227
99.40	0.00169	0.00022211
99.70	0.00169	0.00014954
99.90	0.00168	0.00024257
100.20	0.00169	0.00020967
100.40	0.00169	0.00024654
100.70	0.00169	0.00023951
101.00	0.00169	0.00027165
101.20	0.00169	0.00024776
101.50	0.00169	0.00018423
101.70	0.00169	0.00014872
102.00	0.00169	0.00018896
102.20	0.00169	0.00024380
102.50	0.00169	0.00021879
102.80	0.00169	0.00024673
103.00	0.00169	0.00021527
103.30	0.00169	0.00036437
103.50	0.00169	0.00032362
103.80	0.00169	0.00031175
104.00	0.00169	0.00023742
104.30	0.00169	0.00029304
104.50	0.00169	0.00020658
104.80	0.00169	0.00026810
105.10	0.00168	0.00028752
105.30	0.00169	0.00032800
105.60	0.00169	0.00025206
105.80	0.00169	0.00025157
106.10	0.00168	0.00029209
106.30	0.00169	0.00030862
106.60	0.00169	0.00044946
106.90	0.00169	0.00065584
107.10	0.00170	0.00096178
107.40	0.00169	0.0015820
107.60	0.00169	0.0025107
107.90	0.00169	0.0035595
108.10	0.00169	0.0045425
108.40	0.00169	0.0056845
108.60	0.00169	0.0064171
108.90	0.00169	0.0070820
109.20	0.00169	0.0074428
109.40	0.00169	0.0079694
109.70	0.00169	0.0084848
109.90	0.00169	0.0089147
110.20	0.00169	0.0093906
110.40	0.00169	0.0097142
110.70	0.00169	0.010114
111.00	0.00169	0.010453
111.20	0.00169	0.010800
111.50	0.00169	0.011142
111.70	0.00168	0.011315
112.00	0.00169	0.011553
112.20	0.00169	0.011805
112.50	0.00168	0.011940
112.80	0.00169	0.012179
113.00	0.00169	0.012235
113.30	0.00169	0.012449
113.50	0.00168	0.012504
113.80	0.00169	0.012628
114.10	0.00169	0.012804
114.30	0.00169	0.012947
114.60	0.00168	0.012980
114.80	0.00169	0.013093
115.10	0.00169	0.013212
115.30	0.00168	0.013304
115.60	0.00169	0.013351
115.80	0.00169	0.013429
116.10	0.00169	0.013541
116.30	0.00169	0.013644
116.60	0.00169	0.013750
116.90	0.00169	0.013808
117.10	0.00168	0.013872
117.40	0.00169	0.013836
117.60	0.00168	0.013910
117.90	0.00169	0.013873
118.20	0.00169	0.014097
118.40	0.00169	0.014205
118.70	0.00169	0.014264
118.90	0.00168	0.014344
119.20	0.00169	0.014320
119.50	0.00168	0.014311
119.70	0.00169	0.014374
120.00	0.00169	0.014391
120.20	0.00169	0.014444
120.50	0.00168	0.014492
120.70	0.00168	0.014523
121.00	0.00169	0.014592
121.20	0.00168	0.014609
121.50	0.00169	0.014580
121.80	0.00169	0.014770
122.00	0.00169	0.014792
122.30	0.00168	0.014810
122.50	0.00169	0.014742
122.80	0.00169	0.014814
123.00	0.00169	0.015029
123.30	0.00169	0.014955
123.60	0.00169	0.014973
123.80	0.00169	0.015037
124.10	0.00168	0.015054
124.30	0.00169	0.015111
124.60	0.00169	0.015129
124.80	0.00169	0.015124
125.10	0.00169	0.015298
125.40	0.00169	0.015230
125.60	0.00168	0.015232
125.90	0.00169	0.015381
126.10	0.00169	0.015386
126.40	0.00169	0.015406
126.70	0.00169	0.015374
126.90	0.00168	0.015498
127.10	0.00169	0.015527
127.40	0.00169	0.015454
127.70	0.00169	0.015600
127.90	0.00169	0.015652
128.20	0.00168	0.015606
128.40	0.00169	0.015624
128.70	0.00169	0.015635
128.90	0.00169	0.015698
129.20	0.00169	0.015781
129.50	0.00169	0.015765
129.70	0.00168	0.015790
130.00	0.00169	0.015787
130.20	0.00168	0.015890
130.50	0.00169	0.015948
130.80	0.00169	0.015916
131.00	0.00169	0.016040
131.30	0.00169	0.015987
131.50	0.00169	0.016004
131.80	0.00169	0.015968
132.00	0.00169	0.016070
132.30	0.00169	0.016073
132.50	0.00169	0.016075
132.80	0.00169	0.016065
133.10	0.00169	0.016129
133.30	0.00169	0.016237
133.60	0.00169	0.016256
133.80	0.00169	0.016162
134.10	0.00169	0.016180
134.40	0.00168	0.016315
134.60	0.00169	0.016348
134.80	0.00169	0.016370
135.10	0.00169	0.016428
135.40	0.00169	0.016482
135.60	0.00168	0.016498
135.90	0.00169	0.016459
136.10	0.00169	0.016508
136.40	0.00168	0.016485
136.70	0.00169	0.016508
136.90	0.00169	0.016731
137.20	0.00169	0.016588
137.40	0.00168	0.016631
137.70	0.00169	0.016752
137.90	0.00169	0.016773
138.20	0.00169	0.016791
138.50	0.00169	0.016770
138.70	0.00169	0.016783
139.00	0.00169	0.016764
139.20	0.00169	0.016831
139.50	0.00168	0.016968
139.70	0.00168	0.016997
140.00	0.00169	0.016901
140.20	0.00169	0.016962
140.50	0.00169	0.017080
